n=[1 10 100 500 1000 2000 4000 8000];
y=(1 + (1./n)).^n
B=exp(1)
x=[1 1 1 1 1 1 1 1];
x1= x*B
error=[y-x1]
